38,51,31,33,80,46
44,21,63,27,46
26,43,64,26,15,32,42,20
36,76,25,49,13,65
55,19,66,60
18,14,26,42,68,40,71,78
48,15,33,32,42,70
53,25,75
35,45,48,20
17,16,43,45,35
54,14,26,43,16
24,62,23,21,49,25
65,56,72,49,4
6,26,11,54,81,67,78,18
7,48,20,3,32
77,10,43,11,41,54
59,10,22
6,78,37,19,71,14
37,57,55,5,66,71,18
48,9,45,64,3,15
12,23,44,2,63,47,72,49
17,59,39
44,24,62,12,21
28,29,69,58,44,62,25,12,23
8,75,36,4,49,12,24,69,53
6,14,11,43,3,42
79,31,80,46,2,63
52,58,24,29,61
28,61,69,24
65,73
1,80,27,79
3,42,7,15
1,51,42,70,7
59,41
9,45,10
75,25,4,76
74,78,57,19,18
66,58,46,1,51,50
22,59
6,50,66,71,68
77,16,54,34
6,68,51,33,70,7,32,3,26
10,16,11,26,3,64,45
2,46,58,24,23,21
35,9,20,64,43,10
38,58,44,2,27,80,1
63,21,72,56,73
7,15,20,9
13,72,21,12,25,4
66,40,68,51,38
42,33,1,38,50,68
55,60,58,28
61,69,25,8
41,16,11,14,81
57,19,5,60,52
72,13,65,73,47
37,19,55
60,52,28,24,44,46,38,66
17,22,39,34
5,52,55,58,66
28,29,69,53
24,12,23
27,2,21,47
20,45,43,3
4,13,56,73,30
58,60,5,19,71,40,50,38
81,14,78,74
6,50,42,51,40
24,29,61,53,25
42,7,33
6,40,66,19,18
47,21,49,13,56
47,56,65,30
67,78,37
36,25,8
36,4
16,41
67,74,37,18,6,14
31,27
31,27,1,46
54,67,14